_G.Loop = true 
while _G.Loop and task.wait() do
game.Players.LocalPlayer.Character:FindFirstChild("HumanoidRootPart").CFrame = CFrame.new(139.625458, 3.11542916, -34.4747162, 0.342042685, -0, -0.939684391, 0, 1, -0, 0.939684391, 0, 0.342042685)
wait(1)
game.Players.LocalPlayer.Character:FindFirstChild("HumanoidRootPart").CFrame = CFrame.new(-7.37450457, 3.11542916, 406.359924, -0.342042685, 0, -0.939684391, 0, 1, 0, 0.939684391, 0, -0.342042685)
wait(1)
game.Players.LocalPlayer.Character:FindFirstChild("HumanoidRootPart").CFrame = CFrame.new(-230.375412, 3.11542916, 80.2126389, -0.342042685, 0, 0.939684391, 0, 1, 0, -0.939684391, 0, -0.342042685)
wait(1)
game.Players.LocalPlayer.Character:FindFirstChild("HumanoidRootPart").CFrame = CFrame.new(-209.37529, 3.11542916, -86.2254715, 0.766061246, 0, 0.642767608, 0, 1, 0, -0.642767608, 0, 0.766061246)
wait(1)
game.Players.LocalPlayer.Character:FindFirstChild("HumanoidRootPart").CFrame = CFrame.new(-362.375, 3.11542916, -50.2255859, 1, 0, 0, 0, 1, 0, 0, 0, 1)
wait(1)
game.Players.LocalPlayer.Character:FindFirstChild("HumanoidRootPart").CFrame = CFrame.new(-537.375427, 3.11542916, 360.774872, 0, 0, 1, 0, 1, -0, -1, 0, 0)
wait(1)
game.Players.LocalPlayer.Character:FindFirstChild("HumanoidRootPart").CFrame = CFrame.new(105.62529, 3.11542916, 360.359406, 0.766061246, -0, -0.642767608, 0, 1, -0, 0.642767608, 0, 0.766061246)
wait(1)
game.Players.LocalPlayer.Character:FindFirstChild("HumanoidRootPart").CFrame = CFrame.new(-530.375305, 3.11542916, 36.7745323, 0.766061246, 0, 0.642767608, 0, 1, 0, -0.642767608, 0, 0.766061246)
wait(1)
game.Players.LocalPlayer.Character:FindFirstChild("HumanoidRootPart").CFrame = CFrame.new(-484.922668, 3.18745828, -512.345703, 0.766061246, -0, -0.642767608, 0, 1, -0, 0.642767608, 0, 0.766061246)
wait(1)
game.Players.LocalPlayer.Character:FindFirstChild("HumanoidRootPart").CFrame = CFrame.new(532.625427, 3.11542916, -302.224915, -0.642763734, 0, -0.766064942, 0, 1, 0, 0.766064942, 0, -0.642763734)
wait(1)
game.Players.LocalPlayer.Character:FindFirstChild("HumanoidRootPart").CFrame = CFrame.new(-72.3753433, 3.11542916, -385.474854, 0.766061246, 0, 0.642767608, 0, 1, 0, -0.642767608, 0, 0.766061246)
wait(1)
game.Players.LocalPlayer.Character:FindFirstChild("HumanoidRootPart").CFrame = CFrame.new(-110.375008, 3.11542916, 123.211967, 1, 0, 0, 0, 1, 0, 0, 0, 1)
wait(1)
game.Players.LocalPlayer.Character:FindFirstChild("HumanoidRootPart").CFrame = CFrame.new(-106.374695, 3.11542916, 287.461426, 0.766061246, -0, -0.642767608, 0, 1, -0, 0.642767608, 0, 0.766061246)
wait(1)
game.Players.LocalPlayer.Character:FindFirstChild("HumanoidRootPart").CFrame = CFrame.new(-165.374649, 3.11542916, 424.359467, 0.642763317, -0, -0.766064942, 0, 1, -0, 0.766064942, 0, 0.642763317)
wait(1)
game.Players.LocalPlayer.Character:FindFirstChild("HumanoidRootPart").CFrame = CFrame.new(-365.374603, 3.11542916, 202.139145, 0.642763317, -0, -0.766064942, 0, 1, -0, 0.766064942, 0, 0.642763317)
wait(1)
game.Players.LocalPlayer.Character:FindFirstChild("HumanoidRootPart").CFrame = CFrame.new(-366.375275, 3.11542916, 52.212822, -0.766061664, 0, 0.642767608, 0, 1, 0, -0.642767608, 0, -0.766061664)
wait(1)
game.Players.LocalPlayer.Character:FindFirstChild("HumanoidRootPart").CFrame = CFrame.new(-327.374634, 3.11542916, -234.787888, 0.642763317, -0, -0.766064942, 0, 1, -0, 0.766064942, 0, 0.642763317)
wait(1)
game.Players.LocalPlayer.Character:FindFirstChild("HumanoidRootPart").CFrame = CFrame.new(427.624603, 3.11542916, -469.225067, -0.173624277, 0, 0.984811902, 0, 1, 0, -0.984811902, 0, -0.173624277)
wait(1)
game.Players.LocalPlayer.Character:FindFirstChild("HumanoidRootPart").CFrame = CFrame.new(465.624664, 3.11542916, 445.774567, 0.642763317, 0, 0.766064942, 0, 1, 0, -0.766064942, 0, 0.642763317)
wait(1)
game.Players.LocalPlayer.Character:FindFirstChild("HumanoidRootPart").CFrame = CFrame.new(675.624573, 3.11542916, -63.9481277, -0.342042685, 0, 0.939684391, 0, 1, 0, -0.939684391, 0, -0.342042685)
  end
